[profile.jpg]
filters=autolight=1;finetune2=1,0.000000,0.047719,0.000000,00000000,-0.087719;unsharp2=1,0.508772;autolight=1;
moddate=2fe8c8d2d3a0d401
width=1200
height=1200
textactive=0
